timestep,x_cm,y_cm,z_cm,yaw_deg,basis_xx,basis_xy,basis_xz,basis_yx,basis_yy,basis_yz,basis_zx,basis_zy,basis_zz,teleport_flag
0,-270.019500,1740.039000,29.998900,-89.699997,0.005236,0.999986,0.000000,-0.999986,0.005236,0.000000,0.000000,0.000000,1.000000,0
1,-270.019500,1740.039000,29.998900,-89.699997,0.005236,0.999986,0.000000,-0.999986,0.005236,0.000000,0.000000,0.000000,1.000000,0
2,-270.019500,1740.039000,29.998900,-89.699997,0.005236,0.999986,0.000000,-0.999986,0.005236,0.000000,0.000000,0.000000,1.000000,0
3,-270.019500,1740.039000,29.998900,-89.699997,0.005236,0.999986,0.000000,-0.999986,0.005236,0.000000,0.000000,0.000000,1.000000,0
4,-270.019500,1740.039000,29.998900,-89.699997,0.005236,0.999986,0.000000,-0.999986,0.005236,0.000000,0.000000,0.000000,1.000000,0
5,-270.019500,1740.039000,29.998900,-89.699997,0.005236,0.999986,0.000000,-0.999986,0.005236,0.000000,0.000000,0.000000,1.000000,0
6,-270.019500,1740.039000,29.998900,-89.699997,0.005236,0.999986,0.000000,-0.999986,0.005236,0.000000,0.000000,0.000000,1.000000,0
7,-270.019500,1740.039000,29.998900,-89.699997,0.005236,0.999986,0.000000,-0.999986,0.005236,0.000000,0.000000,0.000000,1.000000,0
8,-270.019500,1740.039000,29.998900,-89.699997,0.005236,0.999986,0.000000,-0.999986,0.005236,0.000000,0.000000,0.000000,1.000000,0
9,-270.019500,1740.039000,29.998900,-89.699997,0.005236,0.999986,0.000000,-0.999986,0.005236,0.000000,0.000000,0.000000,1.000000,0
10,-270.019500,1740.039000,29.998900,-89.699997,0.005236,0.999986,0.000000,-0.999986,0.005236,0.000000,0.000000,0.000000,1.000000,0
11,-270.019500,1740.039000,29.998900,-89.699997,0.005236,0.999986,0.000000,-0.999986,0.005236,0.000000,0.000000,0.000000,1.000000,0
12,-270.019500,1729.980400,29.998900,-90.100006,-0.001745,0.999998,0.000000,-0.999998,-0.001745,0.000000,0.000000,0.000000,1.000000,0
13,-270.019500,1729.980400,29.998900,-90.100006,-0.001745,0.999998,0.000000,-0.999998,-0.001745,0.000000,0.000000,0.000000,1.000000,0
14,-270.019500,1729.980400,29.998900,-90.100006,-0.001745,0.999998,0.000000,-0.999998,-0.001745,0.000000,0.000000,0.000000,1.000000,0
15,-280.029300,1729.980400,29.998900,-90.699997,-0.012217,0.999925,0.000000,-0.999925,-0.012217,0.000000,0.000000,0.000000,1.000000,0
16,-280.029300,1729.980400,29.998900,-90.699997,-0.012217,0.999925,0.000000,-0.999925,-0.012217,0.000000,0.000000,0.000000,1.000000,0
17,-280.029300,1729.980400,29.998900,-90.699997,-0.012217,0.999925,0.000000,-0.999925,-0.012217,0.000000,0.000000,0.000000,1.000000,0
18,-280.029300,1729.980400,29.998900,-90.699997,-0.012217,0.999925,0.000000,-0.999925,-0.012217,0.000000,0.000000,0.000000,1.000000,0
19,-280.029300,1720.019500,29.998900,-91.600006,-0.027922,0.999610,0.000000,-0.999610,-0.027922,0.000000,0.000000,0.000000,1.000000,0
20,-280.029300,1720.019500,29.998900,-91.600006,-0.027922,0.999610,0.000000,-0.999610,-0.027922,0.000000,0.000000,0.000000,1.000000,0
21,-280.029300,1720.019500,29.998900,-91.600006,-0.027922,0.999610,0.000000,-0.999610,-0.027922,0.000000,0.000000,0.000000,1.000000,0
22,-280.029300,1720.019500,29.998900,-92.500000,-0.043619,0.999048,0.000000,-0.999048,-0.043619,0.000000,0.000000,0.000000,1.000000,0
23,-280.029300,1720.019500,29.998900,-92.500000,-0.043619,0.999048,0.000000,-0.999048,-0.043619,0.000000,0.000000,0.000000,1.000000,0
24,-280.029300,1720.019500,29.998900,-92.500000,-0.043619,0.999048,0.000000,-0.999048,-0.043619,0.000000,0.000000,0.000000,1.000000,0
25,-280.029300,1720.019500,29.998900,-92.500000,-0.043619,0.999048,0.000000,-0.999048,-0.043619,0.000000,0.000000,0.000000,1.000000,0
26,-280.029300,1720.019500,29.998900,-92.500000,-0.043619,0.999048,0.000000,-0.999048,-0.043619,0.000000,0.000000,0.000000,1.000000,0
27,-289.990200,1699.999900,29.998900,-93.900009,-0.068015,0.997684,0.000000,-0.997684,-0.068015,0.000000,0.000000,0.000000,1.000000,0
28,-289.990200,1699.999900,29.998900,-93.900009,-0.068015,0.997684,0.000000,-0.997684,-0.068015,0.000000,0.000000,0.000000,1.000000,0
29,-289.990200,1699.999900,29.998900,-93.900009,-0.068015,0.997684,0.000000,-0.997684,-0.068015,0.000000,0.000000,0.000000,1.000000,0
30,-289.990200,1690.039000,29.998900,-95.400009,-0.094108,0.995562,0.000000,-0.995562,-0.094108,0.000000,0.000000,0.000000,1.000000,0
31,-289.990200,1690.039000,29.998900,-95.400009,-0.094108,0.995562,0.000000,-0.995562,-0.094108,0.000000,0.000000,0.000000,1.000000,0
32,-289.990200,1690.039000,29.998900,-95.400009,-0.094108,0.995562,0.000000,-0.995562,-0.094108,0.000000,0.000000,0.000000,1.000000,0
33,-300.000000,1679.980400,29.998900,-97.300003,-0.127065,0.991894,0.000000,-0.991894,-0.127065,0.000000,0.000000,0.000000,1.000000,0
34,-300.000000,1679.980400,29.998900,-97.300003,-0.127065,0.991894,0.000000,-0.991894,-0.127065,0.000000,0.000000,0.000000,1.000000,0
35,-300.000000,1679.980400,29.998900,-97.300003,-0.127065,0.991894,0.000000,-0.991894,-0.127065,0.000000,0.000000,0.000000,1.000000,0
36,-300.000000,1679.980400,29.998900,-97.300003,-0.127065,0.991894,0.000000,-0.991894,-0.127065,0.000000,0.000000,0.000000,1.000000,0
37,-300.000000,1679.980400,29.998900,-97.300003,-0.127065,0.991894,0.000000,-0.991894,-0.127065,0.000000,0.000000,0.000000,1.000000,0
38,-300.000000,1660.058500,29.998900,-99.300003,-0.161604,0.986856,0.000000,-0.986856,-0.161604,0.000000,0.000000,0.000000,1.000000,0
39,-300.000000,1660.058500,29.998900,-99.300003,-0.161604,0.986856,0.000000,-0.986856,-0.161604,0.000000,0.000000,0.000000,1.000000,0
40,-300.000000,1660.058500,29.998900,-99.300003,-0.161604,0.986856,0.000000,-0.986856,-0.161604,0.000000,0.000000,0.000000,1.000000,0
41,-310.009800,1649.999900,29.998900,-101.600006,-0.201078,0.979575,0.000000,-0.979575,-0.201078,0.000000,0.000000,0.000000,1.000000,0
42,-310.009800,1649.999900,29.998900,-101.600006,-0.201078,0.979575,0.000000,-0.979575,-0.201078,0.000000,0.000000,0.000000,1.000000,0
43,-310.009800,1649.999900,29.998900,-101.600006,-0.201078,0.979575,0.000000,-0.979575,-0.201078,0.000000,0.000000,0.000000,1.000000,0
44,-320.019500,1629.980400,29.998900,-103.900009,-0.240228,0.970716,0.000000,-0.970716,-0.240228,0.000000,0.000000,0.000000,1.000000,0
45,-320.019500,1629.980400,29.998900,-103.900009,-0.240228,0.970716,0.000000,-0.970716,-0.240228,0.000000,0.000000,0.000000,1.000000,0
46,-320.019500,1629.980400,29.998900,-103.900009,-0.240228,0.970716,0.000000,-0.970716,-0.240228,0.000000,0.000000,0.000000,1.000000,0
47,-320.019500,1629.980400,29.998900,-103.900009,-0.240228,0.970716,0.000000,-0.970716,-0.240228,0.000000,0.000000,0.000000,1.000000,0
48,-330.029300,1620.019500,39.996400,-106.300003,-0.280667,0.959805,0.000000,-0.959805,-0.280667,0.000000,0.000000,0.000000,1.000000,0
49,-330.029300,1620.019500,39.996400,-106.300003,-0.280667,0.959805,0.000000,-0.959805,-0.280667,0.000000,0.000000,0.000000,1.000000,0
50,-330.029300,1620.019500,39.996400,-106.300003,-0.280667,0.959805,0.000000,-0.959805,-0.280667,0.000000,0.000000,0.000000,1.000000,0
51,-330.029300,1620.019500,39.996400,-106.300003,-0.280667,0.959805,0.000000,-0.959805,-0.280667,0.000000,0.000000,0.000000,1.000000,0
52,-350.000000,1590.039000,39.996400,-109.600006,-0.335452,0.942057,0.000000,-0.942057,-0.335452,0.000000,0.000000,0.000000,1.000000,0
53,-350.000000,1590.039000,39.996400,-109.600006,-0.335452,0.942057,0.000000,-0.942057,-0.335452,0.000000,0.000000,0.000000,1.000000,0
54,-350.000000,1590.039000,39.996400,-109.600006,-0.335452,0.942057,0.000000,-0.942057,-0.335452,0.000000,0.000000,0.000000,1.000000,0
55,-350.000000,1590.039000,39.996400,-109.600006,-0.335452,0.942057,0.000000,-0.942057,-0.335452,0.000000,0.000000,0.000000,1.000000,0
56,-360.009800,1570.019500,39.996400,-112.800003,-0.387516,0.921863,0.000000,-0.921863,-0.387516,0.000000,0.000000,0.000000,1.000000,0
57,-360.009800,1570.019500,39.996400,-112.800003,-0.387516,0.921863,0.000000,-0.921863,-0.387516,0.000000,0.000000,0.000000,1.000000,0
58,-360.009800,1570.019500,39.996400,-112.800003,-0.387516,0.921863,0.000000,-0.921863,-0.387516,0.000000,0.000000,0.000000,1.000000,0
59,-380.029300,1549.999900,39.996400,-115.199997,-0.425779,0.904827,0.000000,-0.904827,-0.425779,0.000000,0.000000,0.000000,1.000000,0
60,-380.029300,1549.999900,39.996400,-115.199997,-0.425779,0.904827,0.000000,-0.904827,-0.425779,0.000000,0.000000,0.000000,1.000000,0
61,-380.029300,1549.999900,39.996400,-115.199997,-0.425779,0.904827,0.000000,-0.904827,-0.425779,0.000000,0.000000,0.000000,1.000000,0
62,-389.990200,1529.980400,39.996400,-117.199997,-0.457098,0.889416,0.000000,-0.889416,-0.457098,0.000000,0.000000,0.000000,1.000000,0
63,-389.990200,1529.980400,39.996400,-117.199997,-0.457098,0.889416,0.000000,-0.889416,-0.457098,0.000000,0.000000,0.000000,1.000000,0
64,-389.990200,1529.980400,39.996400,-117.199997,-0.457098,0.889416,0.000000,-0.889416,-0.457098,0.000000,0.000000,0.000000,1.000000,0
65,-389.990200,1529.980400,39.996400,-117.199997,-0.457098,0.889416,0.000000,-0.889416,-0.457098,0.000000,0.000000,0.000000,1.000000,0
66,-410.009800,1510.058500,49.994000,-119.600006,-0.493942,0.869495,0.000000,-0.869495,-0.493942,0.000000,0.000000,0.000000,1.000000,0
67,-410.009800,1510.058500,49.994000,-119.600006,-0.493942,0.869495,0.000000,-0.869495,-0.493942,0.000000,0.000000,0.000000,1.000000,0
68,-410.009800,1510.058500,49.994000,-119.600006,-0.493942,0.869495,0.000000,-0.869495,-0.493942,0.000000,0.000000,0.000000,1.000000,0
69,-410.009800,1510.058500,49.994000,-119.600006,-0.493942,0.869495,0.000000,-0.869495,-0.493942,0.000000,0.000000,0.000000,1.000000,0
70,-430.029300,1479.980400,49.994000,-121.400009,-0.521010,0.853551,0.000000,-0.853551,-0.521010,0.000000,0.000000,0.000000,1.000000,0
71,-430.029300,1479.980400,49.994000,-121.400009,-0.521010,0.853551,0.000000,-0.853551,-0.521010,0.000000,0.000000,0.000000,1.000000,0
72,-430.029300,1479.980400,49.994000,-121.400009,-0.521010,0.853551,0.000000,-0.853551,-0.521010,0.000000,0.000000,0.000000,1.000000,0
73,289.990200,1170.019500,89.996400,-91.300003,-0.022687,0.999743,0.000000,-0.999743,-0.022687,0.000000,0.000000,0.000000,1.000000,0
74,289.990200,1170.019500,89.996400,-91.300003,-0.022687,0.999743,0.000000,-0.999743,-0.022687,0.000000,0.000000,0.000000,1.000000,0
75,289.990200,1170.019500,89.996400,-91.300003,-0.022687,0.999743,0.000000,-0.999743,-0.022687,0.000000,0.000000,0.000000,1.000000,0
76,269.970700,1140.039000,70.001300,-92.900009,-0.050593,0.998719,0.000000,-0.998719,-0.050593,0.000000,0.000000,0.000000,1.000000,0
77,269.970700,1140.039000,70.001300,-92.900009,-0.050593,0.998719,0.000000,-0.998719,-0.050593,0.000000,0.000000,0.000000,1.000000,0
78,269.970700,1140.039000,70.001300,-92.900009,-0.050593,0.998719,0.000000,-0.998719,-0.050593,0.000000,0.000000,0.000000,1.000000,0
79,269.970700,1140.039000,70.001300,-92.900009,-0.050593,0.998719,0.000000,-0.998719,-0.050593,0.000000,0.000000,0.000000,1.000000,0
80,260.009800,1120.019500,39.996400,-92.199997,-0.038388,0.999263,0.000000,-0.999263,-0.038388,0.000000,0.000000,0.000000,1.000000,0
81,260.009800,1120.019500,39.996400,-92.199997,-0.038388,0.999263,0.000000,-0.999263,-0.038388,0.000000,0.000000,0.000000,1.000000,0
82,260.009800,1099.999900,29.998900,-90.699997,-0.012217,0.999925,0.000000,-0.999925,-0.012217,0.000000,0.000000,0.000000,1.000000,0
83,260.009800,1099.999900,29.998900,-90.699997,-0.012217,0.999925,0.000000,-0.999925,-0.012217,0.000000,0.000000,0.000000,1.000000,0
84,260.009800,1099.999900,29.998900,-90.699997,-0.012217,0.999925,0.000000,-0.999925,-0.012217,0.000000,0.000000,0.000000,1.000000,0
85,260.009800,1099.999900,29.998900,-90.699997,-0.012217,0.999925,0.000000,-0.999925,-0.012217,0.000000,0.000000,0.000000,1.000000,0
86,260.009800,1090.039000,29.998900,-88.900009,0.019197,0.999816,0.000000,-0.999816,0.019197,0.000000,0.000000,0.000000,1.000000,0
87,260.009800,1090.039000,29.998900,-88.900009,0.019197,0.999816,0.000000,-0.999816,0.019197,0.000000,0.000000,0.000000,1.000000,0
88,260.009800,1090.039000,29.998900,-88.900009,0.019197,0.999816,0.000000,-0.999816,0.019197,0.000000,0.000000,0.000000,1.000000,0
89,269.970700,1079.980400,49.994000,-87.400009,0.045363,0.998971,0.000000,-0.998971,0.045363,0.000000,0.000000,0.000000,1.000000,0
90,269.970700,1079.980400,49.994000,-87.400009,0.045363,0.998971,0.000000,-0.998971,0.045363,0.000000,0.000000,0.000000,1.000000,0
91,269.970700,1079.980400,49.994000,-87.400009,0.045363,0.998971,0.000000,-0.998971,0.045363,0.000000,0.000000,0.000000,1.000000,0
92,279.980500,1070.019500,59.991600,-86.199997,0.066274,0.997801,0.000000,-0.997801,0.066274,0.000000,0.000000,0.000000,1.000000,0
93,279.980500,1070.019500,59.991600,-86.199997,0.066274,0.997801,0.000000,-0.997801,0.066274,0.000000,0.000000,0.000000,1.000000,0
94,279.980500,1070.019500,59.991600,-86.199997,0.066274,0.997801,0.000000,-0.997801,0.066274,0.000000,0.000000,0.000000,1.000000,0
95,279.980500,1070.019500,59.991600,-86.199997,0.066274,0.997801,0.000000,-0.997801,0.066274,0.000000,0.000000,0.000000,1.000000,0
96,279.980500,1060.058500,70.001300,-84.900009,0.088894,0.996041,0.000000,-0.996041,0.088894,0.000000,0.000000,0.000000,1.000000,0
97,279.980500,1060.058500,70.001300,-84.900009,0.088894,0.996041,0.000000,-0.996041,0.088894,0.000000,0.000000,0.000000,1.000000,0
98,279.980500,1060.058500,70.001300,-84.900009,0.088894,0.996041,0.000000,-0.996041,0.088894,0.000000,0.000000,0.000000,1.000000,0
99,279.980500,1049.999900,59.991600,-83.500000,0.113203,0.993572,0.000000,-0.993572,0.113203,0.000000,0.000000,0.000000,1.000000,0
100,279.980500,1049.999900,59.991600,-83.500000,0.113203,0.993572,0.000000,-0.993572,0.113203,0.000000,0.000000,0.000000,1.000000,0
101,279.980500,1049.999900,59.991600,-83.500000,0.113203,0.993572,0.000000,-0.993572,0.113203,0.000000,0.000000,0.000000,1.000000,0
